128
4 9
9 11
5 9
9 12
4 13
2 10
7 8
11 11
8 12
11 15
6 11
3 6
2 11
4 11
9 9
8 9
10 13
6 9
9 10
8 8
3 11
2 10
11 11
11 19
8 8
4 4
9 12
5 12
37 65
16 70
40 83
17 25
88 107
74 148
15 53
18 62
41 79
46 134
22 35
60 126
77 87
81 173
98 122
13 44
54 132
39 82
23 75
53 60
26 101
35 72
16 17
83 136
42 67
95 155
93 145
81 99
16 74
13 23
84 106
95 182
54 84
84 157
37 70
35 94
11 77
98 173
70 99
82 142
156 156
2827 2827
1122 1122
5699 5699
5331 5331
4201 4201
9518 9518
3746 3746
3711 3711
4981 4981
2611708 4105252
2703155 2974555
2446385 3280391
2228884 2815849
2345181 3926998
2692652 3725316
1239678 1357689
2400033 2485405
107788 851739
1107703 1113221
1787465 2031673
114698 323281
1076259 1826284
2489137 3201262
2953771 4572967
2903458 4468934
2112742 3719352
1353230 2912353
956970 1539080
662442 2480941
1680282 2035373
1851166 2771122
473104 1240651
1521683 1618924
2511500 2657234
102761 401722
2389944 3123751
23898 2006450
483835 1513218
2694679 3648633
648582 1246716
1035784 1313456
2721098 4110108
2353150 2547566
487475 2019415
2012917 3180670
887033 2267464
2604063 2964197
147980 273722
2457377 2633205
1271479 2347965
1474791 2652562
1326648 1341686
2676677 4487156
2560775 2932128
7 7
2 5
2 2
3 4999999
2 5000000
